01533053
01533088
01533096
02050873
02098288
02100760
02111415
02118118
02206086
02206108
02228344
02241524
02255923
02329988
02362537
02373731
02388462
02392661
02394310
02433062
02478896
02489926
02500016
02513057
02540955
02542416
02565979
02593106
02764360
02764391
02764396
02764419
02781217
02823339
02828507
02838190
02838199
02838206
02838208
02838211
02838216
02845471
02853668
02904508
02909783
02955019
02955028
03003744
03061074
03067878
03071155
03098876
03141559
03253655
03257284
03257955
03272468
03293416
03293850
03297651
03297666
03297675
03297736
03313342
03329125
03329183
03351367
03353442
03357516
03368844
03414763
03415232
03415243
03440993
03447578
03447580
03447592
03490340
03490349
03490365
03490371
03528732
03552966
03552977
12686522
20186037
20186053
20880006
20880049
20880057
23461039
23461047
28457536
34179038
34179046
47102012
47102039
48206016
50824139
50824228
50824244
50824414
50825569
50841084
50841114
50841122
50841149
50850016
50850059
50851055
50851489
50851802
50852354
50852699
50852760
50853384
50853724
50853767
50853872
50853953
50854194
50854305
50854402
50854453
50854496
50854535
50854658
50854666
50854739
50854798
50854836
50854925
50855018
50855387
50855395
50855418
50855468
50855484
50855506
50855549
50855662
50855727
50855743
50855816
50855867
50855884
50855948
50856066
50856138
50856154
50856227
50856278
50856286
50856308
50856316
50856367
50856375
50856405
50856448
50856464
50856502
50856529
50856537
50856588
50856723
50856758
50856812
50856944
50856987
50857037
50857088
50857142
50857177
50857355
50857363
50857398
50857509
50857606
50857615
50857649
50857738
50857762
50857789
50857797
50857886
50857894
50857975
50857983
50858009
50858025
50858033
50858076
50858092
50858114
50858165
50858173
50858238
50858297
50858394
50858408
50858416
50858467
50858556
50858645
50858688
50858777
50858786
50858939
50859048
50859072
50859188
50859277
50859293
50859307
50859315
50859358
50859368
50859404
50859412
50859439
50859463
50859536
50859544
50859579
50859587
50859595
50859617
50859633
50859668
50859706
50859714
50859722
50859757
50859773
50859854
50859919
50859927
50859935
50859943
50860003
50860046
50860062
50860089
50860127
50860135
50860143
50860208
50860216
50860232
50860259
50860275
50860283
50860364
50860372
50860399
50860402
50860453
50860488
50860496
50860534
50860585
50860623
50860658
50860666
50860674
50860682
50860712
50860739
50860747
50860755
50860798
50860828
50860836
50860844
50860879
50860887
50860895
50860909
50860917
50860925
50860933
50860976
50860984
50860992
50861018
50861026
50861042
50861107
50861115
50861123
50861158
50861174
50861182
50861204
50861239
50861247
50861255
50861263
50861298
50861328
50861336
50861344
50861352
50861379
50861387
50861395
50861409
50861425
50861476
50861484
50861492
50861506
50861514
50861522
50861549
50861557
50861565
50861573
50861603
50861638
50861646
50861654
50861662
50861689
50861697
50861719
50861735
50861778
50861786
50861794
50861816
50862758
50862855
50862952
50862987
50868616
50869019
50869116
50869160
50869639
50869648
50869876
50870114
50870157
50870255
50870263
50870289
50870298
50870408
50870424
50870459
50870467
50870505
50870513
50870548
50870556
50870572
50870600
50870603
50870629
50870696
50870718
50870726
50870734
50876074
50876082
50876198
50876252
50876296
50876325
50876392
50876414
50876458
77382056
85166023
85166058